$ANSIBLE_VAULT;1.1;AES256
37393534653066663565646531656237356661333938386638336433623961653338623239623461
3832383765323939363237396435633663656537353163610a653330653739313338386363646237
30333861356466306234386165616633376538393063633937306461303836653737393961363138
3233613065616333660a303831356461653338303463383063326539376334383432343538616534
38373031656535653634643564626263636634373365333165343062383135313363653831373837
38333239346665383936303764313065313962353239386466653466646430323662306438633539
32646635656465356564326630366663313165353930366436323964333330663732303035396636
66666136613137386138613937386537346335383032356438383034323562353964386432633466
39626665336264333037643262303536343139323233626664356165326632366433373132383332
33346438303037373962356431323235653239303232396162386265663263376430346461653338
37363065663366366365393233653735333137643230323532336437623832323933653432653338
34383537373661313762373763396532386330663732666661356164666339643061343438346265
31363465646134336231376364663665313664333562623734363936386239633131326533393737
39666637626163353438386438303961386664356663373866626639373635616365393433616139
30646563663163643566653237383737656131346233386264386263613134643166326562666131
34663835356134343039303865363432633131313036626561323038313963313937613763363634
62336630336239646233646436643632613061333433633932366439623436373035633434623334
37326262613561333136643033613863306565663730353636633734356237646636366566613365
63353164636162613033353931623238633531666638613663663731643934313636373830666336
35646566303031396464656431326233343438303331653431376435366564623733363835363735
31613437653263313161313535366436633433633764366534346163346237303836623939323265
61646661366139326161396337663132613839386332323564346438646538303761343562383232
62646539303065356464623236396639333734656562343630356539666334663238656137386236
37663439316162623835383630353634346532366134363032383135643631626366336662383063
32663238303633643030636363663139373130343766343765303632353636366262656432343332
39333231393831393231343839313862316264303330333533356433653936343866323239643435
31313666663462633434626335336361333764616433363936313162383364336236316138663134
30393831343762353131663434386662643536326532356437333564386463636437623063623631
37366662636138393362346665626334383533323536346537326334343033383964386366666361
64373037313339393533313239623561373839663435646534316635326562643732303731383637
38373835313030386165306365383639623463616332366364633032363338336264346263336665
65366337363736323836326161323266376466663061326433643632303133363563636434663865
36313966623562303630373030643839666537376537346235393136653036363262613631336462
39636338366661613462313633633230636564626361623062663638306266383330313933643531
35623533313135633431356135643732353533376437376330313639653863343866663836353634
66306563663461613936393037323134366630306438653362653739333335666463653435633562
35336161346665653130323165616231613536343636333931303530346265393064613738373066
66303262306663616532653331616432343336333331623365636462653438623536663263316661
65316430396338666134353235343639613461656437623734313563326636363661326532303265
33663230623535333635326262633738616535393430396139663030613430383830373636666435
63666337373163623639643537373136636266396562373936346136333333376362656135646561
30616637343739616666626238333935313664643033633131303839333638383335353135323837
31633537626465326536353462656539643137346565643838363364653235383538333535656539
66346164316338626533623530393636376231616637643039333731643339636635353931356532
33333066373339663238666339623063306362306366333835636336343764396430343066336137
65636464373036633566336530393463663035326337306333363665313437666632643236613761
33336337376661363330356232656134343035393262663866393535663763363862373361343135
30646336666232353566303464366565393232326532356638363633313936323135343561613263
30303661636431333634666535353636656634623730656230656562323232306333346566323432
66366631656137326533653738393938383534616634363162376436323662396236323839633338
38663364343261323563373061373965313838646665353562646666306266613336383664373361
32393631393233356466356266373930316139626237333735376639346532636637366236353133
38653266343536363332363365303836303434386434656264373332643732353462333066343566
34646433393032393166663939303961353733633734323335393532386165613439656162646432
32303036323062646537363537353263666432636631323365326364386438323530393635333736
64656162633562393165333338333137376463353539396533636136626532376530616265663134
66323464613235303764363031333766323265636534313066383131383563336664326432393736
64306163356262613063393664646631363363336565613166623331373132643933623730666366
39376166306462613334393235323765326637383061326536643334316264646435323734396336
38633339613732303131386339396663633539643034333935313162343734633338653861663761
30346139353838643161633232316361393463383637303466386361353734313963646662656338
35383336666361366636653537363861303634663863373337313234623963303738326533633664
37623035303030343564343563363864323466356335643338666261623533633936323234663634
32653963326432626430393562316538656336373765386264653334623466313933323232643065
64323566373862643965376264386230343565303165386135636166663066646231333434326234
33623438323538633937353765373261333265323138653263616534633130653537303031356262
37636361353865663465336535343730343466613432303264303333383638616435626565316131
31376334383738373964643237393834383164643938666562373439316139306538616564393431
34356634383034343136303431623263316330643765646437613934376463663161656565393136
37333033633736643639366530656537626431653566613233633662613066393362366635626232
34653166656566323033663933326361343135633533376534326265633138636534316633646361
34316438396561666334386536663539326539626337616561623165663839636662386466643339
38393231363834383764303135336439363865626663326630623936363661363935343835333863
31616134346461326632373964633439643038363232636536653035373665393636383631346234
32396133373665303733353662616538656336626166626265393365396235656630313937396336
66333032303631363265616164616663613630343136616133663337326339353931326532666235
62633961303139343532316164663335336139356263333862633863656466643935636636333132
30313130386261633636623461306630393437313132366232663264306435613735613938613262
66626435363963663436346564396631626531366361326238316164383162346464643133633665
30643537356330666166363032383464653737653234663136326566356266356331666463396361
63646364346638656165316464623839333539653432636632383366373131316437616332623234
38633636376633336539636236376561313634613235373061313036643537383165336339316232
30653734623439646434333435366165346434386465333766626431343431663835663639663661
36663635623338323234633630663332613665363963363439366430393432313938313364646630
34643165333465656461353765373135643331356631656565616339316133353564643734656565
36333138643838383534633530353463316133396334643730383131613764313861376266363565
30646164363665313931386437313032343732663435316537373464303230633136643261353266
62616564343133333333
